{
 "cells": [
  {
   "cell_type": "code",
   "execution_count": 1,
   "metadata": {},
   "outputs": [
    {
     "name": "stderr",
     "output_type": "stream",
     "text": [
      "/Users/royalty/miniconda3/lib/python3.11/site-packages/transformers/utils/generic.py:441: UserWarning: torch.utils._pytree._register_pytree_node is deprecated. Please use torch.utils._pytree.register_pytree_node instead.\n",
      "  _torch_pytree._register_pytree_node(\n",
      "2024-11-19 15:30:51.354554: I tensorflow/core/platform/cpu_feature_guard.cc:210] This TensorFlow binary is optimized to use available CPU instructions in performance-critical operations.\n",
      "To enable the following instructions: AVX2 FMA, in other operations, rebuild TensorFlow with the appropriate compiler flags.\n"
     ]
    }
   ],
   "source": [
    "import numpy as np\n",
    "import os\n",
    "import torch\n",
    "from torch_geometric.loader import DataLoader\n",
    "import torch.optim as optim\n",
    "from torch.utils.tensorboard import SummaryWriter\n",
    "\n",
    "from sklearn.model_selection import train_test_split\n",
    "\n",
    "from e3nn import o3\n",
    "\n",
    "from mace.modules import MACE, RealAgnosticResidualInteractionBlock\n",
    "\n",
    "from graph2mat import metrics\n",
    "\n",
    "from graph2mat import (\n",
    "    BasisConfiguration,\n",
    "    PointBasis,\n",
    "    BasisTableWithEdges,\n",
    "    MatrixDataProcessor,\n",
    ")\n",
    "from graph2mat.bindings.torch import TorchBasisMatrixDataset, TorchBasisMatrixData\n",
    "\n",
    "from graph2mat.bindings.e3nn import E3nnGraph2Mat\n",
    "\n",
    "# from graph2mat.tools.viz import plot_basis_matrix\n",
    "\n",
    "from graph2mat.models import MatrixMACE\n",
    "\n",
    "from graph2mat.bindings.e3nn import E3nnEdgeMessageBlock\n",
    "\n",
    "from tools import get_atom_list, get_atom_position_list\n",
    "\n",
    "import pickle"
   ]
  },
  {
   "cell_type": "code",
   "execution_count": 87,
   "metadata": {},
   "outputs": [
    {
     "name": "stderr",
     "output_type": "stream",
     "text": [
      "/Users/royalty/miniconda3/lib/python3.11/site-packages/torch/jit/_check.py:177: UserWarning:\n",
      "\n",
      "The TorchScript type system doesn't support instance-level annotations on empty non-base types in `__init__`. Instead, either 1) use a type annotation in the class body, or 2) wrap the type in `torch.jit.Attribute`.\n",
      "\n",
      "/Users/royalty/miniconda3/lib/python3.11/site-packages/mace/modules/blocks.py:140: UserWarning:\n",
      "\n",
      "To copy construct from a tensor, it is recommended to use sourceTensor.clone().detach() or sourceTensor.clone().detach().requires_grad_(True), rather than torch.tensor(sourceTensor).\n",
      "\n",
      "/Users/royalty/miniconda3/lib/python3.11/site-packages/torch/jit/_check.py:177: UserWarning:\n",
      "\n",
      "The TorchScript type system doesn't support instance-level annotations on empty non-base types in `__init__`. Instead, either 1) use a type annotation in the class body, or 2) wrap the type in `torch.jit.Attribute`.\n",
      "\n",
      "/Users/royalty/miniconda3/lib/python3.11/site-packages/torch/jit/_check.py:177: UserWarning:\n",
      "\n",
      "The TorchScript type system doesn't support instance-level annotations on empty non-base types in `__init__`. Instead, either 1) use a type annotation in the class body, or 2) wrap the type in `torch.jit.Attribute`.\n",
      "\n",
      "/Users/royalty/miniconda3/lib/python3.11/site-packages/torch/jit/_check.py:177: UserWarning:\n",
      "\n",
      "The TorchScript type system doesn't support instance-level annotations on empty non-base types in `__init__`. Instead, either 1) use a type annotation in the class body, or 2) wrap the type in `torch.jit.Attribute`.\n",
      "\n",
      "/Users/royalty/miniconda3/lib/python3.11/site-packages/torch/jit/_check.py:177: UserWarning:\n",
      "\n",
      "The TorchScript type system doesn't support instance-level annotations on empty non-base types in `__init__`. Instead, either 1) use a type annotation in the class body, or 2) wrap the type in `torch.jit.Attribute`.\n",
      "\n",
      "/Users/royalty/miniconda3/lib/python3.11/site-packages/torch/jit/_check.py:177: UserWarning:\n",
      "\n",
      "The TorchScript type system doesn't support instance-level annotations on empty non-base types in `__init__`. Instead, either 1) use a type annotation in the class body, or 2) wrap the type in `torch.jit.Attribute`.\n",
      "\n",
      "/Users/royalty/miniconda3/lib/python3.11/site-packages/torch/jit/_check.py:177: UserWarning:\n",
      "\n",
      "The TorchScript type system doesn't support instance-level annotations on empty non-base types in `__init__`. Instead, either 1) use a type annotation in the class body, or 2) wrap the type in `torch.jit.Attribute`.\n",
      "\n",
      "/Users/royalty/miniconda3/lib/python3.11/site-packages/torch/jit/_check.py:177: UserWarning:\n",
      "\n",
      "The TorchScript type system doesn't support instance-level annotations on empty non-base types in `__init__`. Instead, either 1) use a type annotation in the class body, or 2) wrap the type in `torch.jit.Attribute`.\n",
      "\n",
      "/Users/royalty/miniconda3/lib/python3.11/site-packages/torch/jit/_check.py:177: UserWarning:\n",
      "\n",
      "The TorchScript type system doesn't support instance-level annotations on empty non-base types in `__init__`. Instead, either 1) use a type annotation in the class body, or 2) wrap the type in `torch.jit.Attribute`.\n",
      "\n",
      "/Users/royalty/miniconda3/lib/python3.11/site-packages/torch/jit/_check.py:177: UserWarning:\n",
      "\n",
      "The TorchScript type system doesn't support instance-level annotations on empty non-base types in `__init__`. Instead, either 1) use a type annotation in the class body, or 2) wrap the type in `torch.jit.Attribute`.\n",
      "\n",
      "/Users/royalty/miniconda3/lib/python3.11/site-packages/torch/jit/_check.py:177: UserWarning:\n",
      "\n",
      "The TorchScript type system doesn't support instance-level annotations on empty non-base types in `__init__`. Instead, either 1) use a type annotation in the class body, or 2) wrap the type in `torch.jit.Attribute`.\n",
      "\n",
      "/Users/royalty/miniconda3/lib/python3.11/site-packages/torch/jit/_check.py:177: UserWarning:\n",
      "\n",
      "The TorchScript type system doesn't support instance-level annotations on empty non-base types in `__init__`. Instead, either 1) use a type annotation in the class body, or 2) wrap the type in `torch.jit.Attribute`.\n",
      "\n",
      "/Users/royalty/miniconda3/lib/python3.11/site-packages/torch/jit/_check.py:177: UserWarning:\n",
      "\n",
      "The TorchScript type system doesn't support instance-level annotations on empty non-base types in `__init__`. Instead, either 1) use a type annotation in the class body, or 2) wrap the type in `torch.jit.Attribute`.\n",
      "\n",
      "/Users/royalty/miniconda3/lib/python3.11/site-packages/torch/jit/_check.py:177: UserWarning:\n",
      "\n",
      "The TorchScript type system doesn't support instance-level annotations on empty non-base types in `__init__`. Instead, either 1) use a type annotation in the class body, or 2) wrap the type in `torch.jit.Attribute`.\n",
      "\n",
      "/Users/royalty/miniconda3/lib/python3.11/site-packages/torch/jit/_check.py:177: UserWarning:\n",
      "\n",
      "The TorchScript type system doesn't support instance-level annotations on empty non-base types in `__init__`. Instead, either 1) use a type annotation in the class body, or 2) wrap the type in `torch.jit.Attribute`.\n",
      "\n",
      "/Users/royalty/miniconda3/lib/python3.11/site-packages/torch/jit/_check.py:177: UserWarning:\n",
      "\n",
      "The TorchScript type system doesn't support instance-level annotations on empty non-base types in `__init__`. Instead, either 1) use a type annotation in the class body, or 2) wrap the type in `torch.jit.Attribute`.\n",
      "\n",
      "/Users/royalty/miniconda3/lib/python3.11/site-packages/torch/jit/_check.py:177: UserWarning:\n",
      "\n",
      "The TorchScript type system doesn't support instance-level annotations on empty non-base types in `__init__`. Instead, either 1) use a type annotation in the class body, or 2) wrap the type in `torch.jit.Attribute`.\n",
      "\n",
      "/Users/royalty/miniconda3/lib/python3.11/site-packages/torch/jit/_check.py:177: UserWarning:\n",
      "\n",
      "The TorchScript type system doesn't support instance-level annotations on empty non-base types in `__init__`. Instead, either 1) use a type annotation in the class body, or 2) wrap the type in `torch.jit.Attribute`.\n",
      "\n",
      "/Users/royalty/miniconda3/lib/python3.11/site-packages/torch/jit/_check.py:177: UserWarning:\n",
      "\n",
      "The TorchScript type system doesn't support instance-level annotations on empty non-base types in `__init__`. Instead, either 1) use a type annotation in the class body, or 2) wrap the type in `torch.jit.Attribute`.\n",
      "\n",
      "/Users/royalty/miniconda3/lib/python3.11/site-packages/torch/jit/_check.py:177: UserWarning:\n",
      "\n",
      "The TorchScript type system doesn't support instance-level annotations on empty non-base types in `__init__`. Instead, either 1) use a type annotation in the class body, or 2) wrap the type in `torch.jit.Attribute`.\n",
      "\n"
     ]
    }
   ],
   "source": [
    "# load the original data\n",
    "\n",
    "with open('data_631g.pkl', 'rb') as f:\n",
    "    data = pickle.load(f)\n",
    "    \n",
    "# The basis 6-31g\n",
    "hydrogen = PointBasis(\"H\", R=2, basis=\"2x0e\", basis_convention=\"spherical\")\n",
    "carbon = PointBasis(\"C\", R=5, basis=\"3x0e + 2x1o\", basis_convention=\"spherical\")\n",
    "basis_list = [hydrogen, carbon]\n",
    "\n",
    "# prepare basis table and preprocessor\n",
    "table = BasisTableWithEdges([hydrogen, carbon])\n",
    "\n",
    "processor = MatrixDataProcessor(\n",
    "    basis_table=table, symmetric_matrix=True, sub_point_matrix=False\n",
    ")\n",
    "\n",
    "# form the dataset\n",
    "\n",
    "def prepare_config(atom_data, density_matrixes):\n",
    "# def prepare_config(atom_data):\n",
    "    configs = []\n",
    "    for i in range(len(atom_data)):\n",
    "        config = BasisConfiguration(\n",
    "            point_types = [\"C\", \"H\", \"H\", \"H\", \"H\"],\n",
    "            positions = get_atom_position_list(atom_data[i]),\n",
    "            basis = basis_list,\n",
    "            cell=np.eye(3) * 100,\n",
    "            pbc=(False, False, False),\n",
    "            matrix = np.array(density_matrixes[i])\n",
    "        )\n",
    "        configs.append(config)\n",
    "    return configs\n",
    "\n",
    "configs = prepare_config(data['feature'], data['target'])\n",
    "\n",
    "# split the data and create the loaders\n",
    "\n",
    "train_configs, val_configs = train_test_split(configs, test_size=0.25, random_state=56)\n",
    "\n",
    "train_dataset = TorchBasisMatrixDataset(train_configs, data_processor=processor)\n",
    "val_dataset = TorchBasisMatrixDataset(val_configs, data_processor=processor)\n",
    "\n",
    "train_loader = DataLoader(train_dataset, batch_size=6, shuffle=True, pin_memory=True)\n",
    "val_loader = DataLoader(val_dataset, batch_size=5, shuffle=True, pin_memory=True)\n",
    "\n",
    "# define the model\n",
    "\n",
    "num_interactions = 3\n",
    "hidden_irreps = o3.Irreps(\"1x0e + 1x1o\")\n",
    "\n",
    "mace_model = MACE(\n",
    "    r_max=10,\n",
    "    num_bessel=10,\n",
    "    num_polynomial_cutoff=10,\n",
    "    max_ell=2,  # 1,\n",
    "    interaction_cls=RealAgnosticResidualInteractionBlock,\n",
    "    interaction_cls_first=RealAgnosticResidualInteractionBlock,\n",
    "    num_interactions=num_interactions,\n",
    "    num_elements=2,\n",
    "    hidden_irreps=hidden_irreps,\n",
    "    MLP_irreps=o3.Irreps(\"2x0e\"),\n",
    "    atomic_energies=torch.tensor([0, 0]),\n",
    "    avg_num_neighbors=2,\n",
    "    atomic_numbers=[0, 1],\n",
    "    correlation=2,\n",
    "    gate=None,\n",
    ")\n",
    "\n",
    "# model_100 = MatrixMACE(\n",
    "#     mace_model,\n",
    "#     unique_basis=table,\n",
    "#     readout_per_interaction=True,\n",
    "#     edge_hidden_irreps=o3.Irreps(\"10x0e + 10x1o + 10x2e\"),\n",
    "#     preprocessing_edges=E3nnEdgeMessageBlock,\n",
    "#     preprocessing_edges_reuse_nodes=False,\n",
    "# )"
   ]
  },
  {
   "cell_type": "code",
   "execution_count": null,
   "metadata": {},
   "outputs": [
    {
     "data": {
      "text/plain": [
       "<All keys matched successfully>"
      ]
     },
     "execution_count": 93,
     "metadata": {},
     "output_type": "execute_result"
    }
   ],
   "source": [
    "# # load the model\n",
    "\n",
    "model_1000 = MatrixMACE(\n",
    "    mace_model,\n",
    "    unique_basis=table,\n",
    "    readout_per_interaction=True,\n",
    "    edge_hidden_irreps=o3.Irreps(\"10x0e + 10x1o + 10x2e\"),\n",
    "    preprocessing_edges=E3nnEdgeMessageBlock,\n",
    "    preprocessing_edges_reuse_nodes=False,\n",
    ")"
   ]
  },
  {
   "cell_type": "code",
   "execution_count": null,
   "metadata": {},
   "outputs": [],
   "source": [
    "model_1000.load_state_dict(torch.load('./models_25/model_2000.pt', map_location=torch.device('cpu')))"
   ]
  },
  {
   "cell_type": "code",
   "execution_count": 94,
   "metadata": {},
   "outputs": [
    {
     "data": {
      "application/vnd.plotly.v1+json": {
       "config": {
        "plotlyServerURL": "https://plot.ly"
       },
       "data": [
        {
         "coloraxis": "coloraxis",
         "hovertemplate": "x: %{x}<br>y: %{y}<br>color: %{z}<extra></extra>",
         "name": "0",
         "texttemplate": "%{z:.2f}",
         "type": "heatmap",
         "xaxis": "x",
         "yaxis": "y",
         "z": [
          [
           2.0616786,
           -0.09592863,
           -0.18390502,
           -0.0014401635,
           0.00013278241,
           -0.00090713834,
           0.0012811751,
           -0.00076264335,
           0.00005789904,
           -0.049874537,
           -0.0036144506,
           -0.053749356,
           -0.008440982,
           -0.0556267,
           -0.0112022115,
           -0.05051857,
           -0.0075035165
          ],
          [
           -0.09592863,
           0.27851304,
           0.2887116,
           0.005230609,
           -0.0012007626,
           0.0026128779,
           0.0009737757,
           -0.000096695105,
           -0.00031618617,
           0.0930215,
           0.017728861,
           0.102177165,
           0.027920729,
           0.10694215,
           0.033586666,
           0.09429812,
           0.024304483
          ],
          [
           -0.18390502,
           0.2887116,
           0.30308995,
           -0.0030899514,
           0.0015649932,
           -0.002609236,
           -0.0034963903,
           0.0013006036,
           -0.0031135553,
           0.09913341,
           0.019851627,
           0.104811005,
           0.026994757,
           0.10632739,
           0.030582238,
           0.104228675,
           0.029789262
          ],
          [
           -0.0014401635,
           0.005230609,
           -0.0030899514,
           0.3766649,
           -0.00042569384,
           -0.0021022342,
           0.19535655,
           -0.0022451147,
           0.000098790515,
           -0.18870579,
           -0.15759963,
           0.15300073,
           0.1315771,
           0.13457051,
           0.11546985,
           -0.11225271,
           -0.0883144
          ],
          [
           0.00013278241,
           -0.0012007626,
           0.0015649932,
           -0.00042569384,
           0.3791674,
           -0.00016738346,
           -0.0017033922,
           0.19743036,
           0.009519202,
           0.03148304,
           0.03682471,
           0.20971556,
           0.16757855,
           -0.21286924,
           -0.17082238,
           -0.022239022,
           -0.03742214
          ],
          [
           -0.00090713834,
           0.0026128779,
           -0.002609236,
           -0.0021022342,
           -0.00016738346,
           0.3720923,
           0.00027021326,
           0.009297668,
           0.19800441,
           0.17997232,
           0.15752788,
           0.0012624146,
           0.01170466,
           0.053073656,
           0.025612455,
           -0.2283367,
           -0.20055345
          ],
          [
           0.0012811751,
           0.0009737757,
           -0.0034963903,
           0.19535655,
           -0.0017033922,
           0.00027021326,
           0.10134412,
           -0.0019056849,
           0.00074832875,
           -0.09794757,
           -0.08142675,
           0.0778937,
           0.06746584,
           0.07015435,
           0.06045457,
           -0.05959516,
           -0.046560604
          ],
          [
           -0.00076264335,
           -0.000096695105,
           0.0013006036,
           -0.0022451147,
           0.19743036,
           0.009297668,
           -0.0019056849,
           0.10304897,
           0.009941329,
           0.022086227,
           0.024000013,
           0.10861339,
           0.086910956,
           -0.110018715,
           -0.08885101,
           -0.016567716,
           -0.024029119
          ],
          [
           0.00005789904,
           -0.00031618617,
           -0.0031135553,
           0.000098790515,
           0.009519202,
           0.19800441,
           0.00074832875,
           0.009941329,
           0.105623424,
           0.095383786,
           0.08413547,
           0.0058737593,
           0.010743656,
           0.022655683,
           0.009487212,
           -0.123035185,
           -0.10812775
          ],
          [
           -0.049874537,
           0.0930215,
           0.09913341,
           -0.18870579,
           0.03148304,
           0.17997232,
           -0.09794757,
           0.022086227,
           0.095383786,
           0.2153754,
           0.16371489,
           -0.023950499,
           -0.037075706,
           -0.02366148,
           -0.048730575,
           -0.022510955,
           -0.046441633
          ],
          [
           -0.0036144506,
           0.017728861,
           0.019851627,
           -0.15759963,
           0.03682471,
           0.15752788,
           -0.08142675,
           0.024000013,
           0.08413547,
           0.16371489,
           0.13673593,
           -0.035981506,
           -0.031768266,
           -0.04719779,
           -0.051663134,
           -0.045007277,
           -0.049507592
          ],
          [
           -0.053749356,
           0.102177165,
           0.104811005,
           0.15300073,
           0.20971556,
           0.0012624146,
           0.0778937,
           0.10861339,
           0.0058737593,
           -0.023950499,
           -0.035981506,
           0.21493599,
           0.15595227,
           -0.024971467,
           -0.036122844,
           -0.023941666,
           -0.04813883
          ],
          [
           -0.008440982,
           0.027920729,
           0.026994757,
           0.1315771,
           0.16757855,
           0.01170466,
           0.06746584,
           0.086910956,
           0.010743656,
           -0.037075706,
           -0.031768266,
           0.15595227,
           0.123108245,
           -0.03537932,
           -0.03131108,
           -0.047534,
           -0.051652133
          ],
          [
           -0.0556267,
           0.10694215,
           0.10632739,
           0.13457051,
           -0.21286924,
           0.053073656,
           0.07015435,
           -0.110018715,
           0.022655683,
           -0.02366148,
           -0.04719779,
           -0.024971467,
           -0.03537932,
           0.21421698,
           0.15247227,
           -0.024057647,
           -0.029516557
          ],
          [
           -0.0112022115,
           0.033586666,
           0.030582238,
           0.11546985,
           -0.17082238,
           0.025612455,
           0.06045457,
           -0.08885101,
           0.009487212,
           -0.048730575,
           -0.051663134,
           -0.036122844,
           -0.03131108,
           0.15247227,
           0.117591456,
           -0.029518755,
           -0.021315815
          ],
          [
           -0.05051857,
           0.09429812,
           0.104228675,
           -0.11225271,
           -0.022239022,
           -0.2283367,
           -0.05959516,
           -0.016567716,
           -0.123035185,
           -0.022510955,
           -0.045007277,
           -0.023941666,
           -0.047534,
           -0.024057647,
           -0.029518755,
           0.20992057,
           0.16164659
          ],
          [
           -0.0075035165,
           0.024304483,
           0.029789262,
           -0.0883144,
           -0.03742214,
           -0.20055345,
           -0.046560604,
           -0.024029119,
           -0.10812775,
           -0.046441633,
           -0.049507592,
           -0.04813883,
           -0.051652133,
           -0.029516557,
           -0.021315815,
           0.16164659,
           0.13565712
          ]
         ]
        }
       ],
       "layout": {
        "coloraxis": {
         "cmid": 0,
         "colorscale": [
          [
           0,
           "rgb(103,0,31)"
          ],
          [
           0.1,
           "rgb(178,24,43)"
          ],
          [
           0.2,
           "rgb(214,96,77)"
          ],
          [
           0.3,
           "rgb(244,165,130)"
          ],
          [
           0.4,
           "rgb(253,219,199)"
          ],
          [
           0.5,
           "rgb(247,247,247)"
          ],
          [
           0.6,
           "rgb(209,229,240)"
          ],
          [
           0.7,
           "rgb(146,197,222)"
          ],
          [
           0.8,
           "rgb(67,147,195)"
          ],
          [
           0.9,
           "rgb(33,102,172)"
          ],
          [
           1,
           "rgb(5,48,97)"
          ]
         ]
        },
        "height": 700,
        "margin": {
         "t": 60
        },
        "shapes": [
         {
          "line": {
           "color": "#123456"
          },
          "type": "line",
          "x0": 0,
          "x1": 1,
          "xref": "x domain",
          "y0": 8.5,
          "y1": 8.5,
          "yref": "y"
         },
         {
          "line": {
           "color": "#123456"
          },
          "type": "line",
          "x0": 8.5,
          "x1": 8.5,
          "xref": "x",
          "y0": 0,
          "y1": 1,
          "yref": "y domain"
         },
         {
          "line": {
           "color": "#123456"
          },
          "type": "line",
          "x0": 0,
          "x1": 1,
          "xref": "x domain",
          "y0": 10.5,
          "y1": 10.5,
          "yref": "y"
         },
         {
          "line": {
           "color": "#123456"
          },
          "type": "line",
          "x0": 10.5,
          "x1": 10.5,
          "xref": "x",
          "y0": 0,
          "y1": 1,
          "yref": "y domain"
         },
         {
          "line": {
           "color": "#123456"
          },
          "type": "line",
          "x0": 0,
          "x1": 1,
          "xref": "x domain",
          "y0": 12.5,
          "y1": 12.5,
          "yref": "y"
         },
         {
          "line": {
           "color": "#123456"
          },
          "type": "line",
          "x0": 12.5,
          "x1": 12.5,
          "xref": "x",
          "y0": 0,
          "y1": 1,
          "yref": "y domain"
         },
         {
          "line": {
           "color": "#123456"
          },
          "type": "line",
          "x0": 0,
          "x1": 1,
          "xref": "x domain",
          "y0": 14.5,
          "y1": 14.5,
          "yref": "y"
         },
         {
          "line": {
           "color": "#123456"
          },
          "type": "line",
          "x0": 14.5,
          "x1": 14.5,
          "xref": "x",
          "y0": 0,
          "y1": 1,
          "yref": "y domain"
         },
         {
          "line": {
           "color": "#888888",
           "dash": "dot"
          },
          "type": "line",
          "x0": 0,
          "x1": 1,
          "xref": "x domain",
          "y0": 0.5,
          "y1": 0.5,
          "yref": "y"
         },
         {
          "line": {
           "color": "#888888",
           "dash": "dot"
          },
          "type": "line",
          "x0": 0.5,
          "x1": 0.5,
          "xref": "x",
          "y0": 0,
          "y1": 1,
          "yref": "y domain"
         },
         {
          "line": {
           "color": "#888888",
           "dash": "dot"
          },
          "type": "line",
          "x0": 0,
          "x1": 1,
          "xref": "x domain",
          "y0": 1.5,
          "y1": 1.5,
          "yref": "y"
         },
         {
          "line": {
           "color": "#888888",
           "dash": "dot"
          },
          "type": "line",
          "x0": 1.5,
          "x1": 1.5,
          "xref": "x",
          "y0": 0,
          "y1": 1,
          "yref": "y domain"
         },
         {
          "line": {
           "color": "#888888",
           "dash": "dot"
          },
          "type": "line",
          "x0": 0,
          "x1": 1,
          "xref": "x domain",
          "y0": 2.5,
          "y1": 2.5,
          "yref": "y"
         },
         {
          "line": {
           "color": "#888888",
           "dash": "dot"
          },
          "type": "line",
          "x0": 2.5,
          "x1": 2.5,
          "xref": "x",
          "y0": 0,
          "y1": 1,
          "yref": "y domain"
         },
         {
          "line": {
           "color": "#888888",
           "dash": "dot"
          },
          "type": "line",
          "x0": 0,
          "x1": 1,
          "xref": "x domain",
          "y0": 5.5,
          "y1": 5.5,
          "yref": "y"
         },
         {
          "line": {
           "color": "#888888",
           "dash": "dot"
          },
          "type": "line",
          "x0": 5.5,
          "x1": 5.5,
          "xref": "x",
          "y0": 0,
          "y1": 1,
          "yref": "y domain"
         },
         {
          "line": {
           "color": "#888888",
           "dash": "dot"
          },
          "type": "line",
          "x0": 0,
          "x1": 1,
          "xref": "x domain",
          "y0": 9.5,
          "y1": 9.5,
          "yref": "y"
         },
         {
          "line": {
           "color": "#888888",
           "dash": "dot"
          },
          "type": "line",
          "x0": 9.5,
          "x1": 9.5,
          "xref": "x",
          "y0": 0,
          "y1": 1,
          "yref": "y domain"
         },
         {
          "line": {
           "color": "#888888",
           "dash": "dot"
          },
          "type": "line",
          "x0": 0,
          "x1": 1,
          "xref": "x domain",
          "y0": 11.5,
          "y1": 11.5,
          "yref": "y"
         },
         {
          "line": {
           "color": "#888888",
           "dash": "dot"
          },
          "type": "line",
          "x0": 11.5,
          "x1": 11.5,
          "xref": "x",
          "y0": 0,
          "y1": 1,
          "yref": "y domain"
         },
         {
          "line": {
           "color": "#888888",
           "dash": "dot"
          },
          "type": "line",
          "x0": 0,
          "x1": 1,
          "xref": "x domain",
          "y0": 13.5,
          "y1": 13.5,
          "yref": "y"
         },
         {
          "line": {
           "color": "#888888",
           "dash": "dot"
          },
          "type": "line",
          "x0": 13.5,
          "x1": 13.5,
          "xref": "x",
          "y0": 0,
          "y1": 1,
          "yref": "y domain"
         },
         {
          "line": {
           "color": "#888888",
           "dash": "dot"
          },
          "type": "line",
          "x0": 0,
          "x1": 1,
          "xref": "x domain",
          "y0": 15.5,
          "y1": 15.5,
          "yref": "y"
         },
         {
          "line": {
           "color": "#888888",
           "dash": "dot"
          },
          "type": "line",
          "x0": 15.5,
          "x1": 15.5,
          "xref": "x",
          "y0": 0,
          "y1": 1,
          "yref": "y domain"
         }
        ],
        "template": {
         "data": {
          "bar": [
           {
            "error_x": {
             "color": "#2a3f5f"
            },
            "error_y": {
             "color": "#2a3f5f"
            },
            "marker": {
             "line": {
              "color": "#E5ECF6",
              "width": 0.5
             },
             "pattern": {
              "fillmode": "overlay",
              "size": 10,
              "solidity": 0.2
             }
            },
            "type": "bar"
           }
          ],
          "barpolar": [
           {
            "marker": {
             "line": {
              "color": "#E5ECF6",
              "width": 0.5
             },
             "pattern": {
              "fillmode": "overlay",
              "size": 10,
              "solidity": 0.2
             }
            },
            "type": "barpolar"
           }
          ],
          "carpet": [
           {
            "aaxis": {
             "endlinecolor": "#2a3f5f",
             "gridcolor": "white",
             "linecolor": "white",
             "minorgridcolor": "white",
             "startlinecolor": "#2a3f5f"
            },
            "baxis": {
             "endlinecolor": "#2a3f5f",
             "gridcolor": "white",
             "linecolor": "white",
             "minorgridcolor": "white",
             "startlinecolor": "#2a3f5f"
            },
            "type": "carpet"
           }
          ],
          "choropleth": [
           {
            "colorbar": {
             "outlinewidth": 0,
             "ticks": ""
            },
            "type": "choropleth"
           }
          ],
          "contour": [
           {
            "colorbar": {
             "outlinewidth": 0,
             "ticks": ""
            },
            "colorscale": [
             [
              0,
              "#0d0887"
             ],
             [
              0.1111111111111111,
              "#46039f"
             ],
             [
              0.2222222222222222,
              "#7201a8"
             ],
             [
              0.3333333333333333,
              "#9c179e"
             ],
             [
              0.4444444444444444,
              "#bd3786"
             ],
             [
              0.5555555555555556,
              "#d8576b"
             ],
             [
              0.6666666666666666,
              "#ed7953"
             ],
             [
              0.7777777777777778,
              "#fb9f3a"
             ],
             [
              0.8888888888888888,
              "#fdca26"
             ],
             [
              1,
              "#f0f921"
             ]
            ],
            "type": "contour"
           }
          ],
          "contourcarpet": [
           {
            "colorbar": {
             "outlinewidth": 0,
             "ticks": ""
            },
            "type": "contourcarpet"
           }
          ],
          "heatmap": [
           {
            "colorbar": {
             "outlinewidth": 0,
             "ticks": ""
            },
            "colorscale": [
             [
              0,
              "#0d0887"
             ],
             [
              0.1111111111111111,
              "#46039f"
             ],
             [
              0.2222222222222222,
              "#7201a8"
             ],
             [
              0.3333333333333333,
              "#9c179e"
             ],
             [
              0.4444444444444444,
              "#bd3786"
             ],
             [
              0.5555555555555556,
              "#d8576b"
             ],
             [
              0.6666666666666666,
              "#ed7953"
             ],
             [
              0.7777777777777778,
              "#fb9f3a"
             ],
             [
              0.8888888888888888,
              "#fdca26"
             ],
             [
              1,
              "#f0f921"
             ]
            ],
            "type": "heatmap"
           }
          ],
          "heatmapgl": [
           {
            "colorbar": {
             "outlinewidth": 0,
             "ticks": ""
            },
            "colorscale": [
             [
              0,
              "#0d0887"
             ],
             [
              0.1111111111111111,
              "#46039f"
             ],
             [
              0.2222222222222222,
              "#7201a8"
             ],
             [
              0.3333333333333333,
              "#9c179e"
             ],
             [
              0.4444444444444444,
              "#bd3786"
             ],
             [
              0.5555555555555556,
              "#d8576b"
             ],
             [
              0.6666666666666666,
              "#ed7953"
             ],
             [
              0.7777777777777778,
              "#fb9f3a"
             ],
             [
              0.8888888888888888,
              "#fdca26"
             ],
             [
              1,
              "#f0f921"
             ]
            ],
            "type": "heatmapgl"
           }
          ],
          "histogram": [
           {
            "marker": {
             "pattern": {
              "fillmode": "overlay",
              "size": 10,
              "solidity": 0.2
             }
            },
            "type": "histogram"
           }
          ],
          "histogram2d": [
           {
            "colorbar": {
             "outlinewidth": 0,
             "ticks": ""
            },
            "colorscale": [
             [
              0,
              "#0d0887"
             ],
             [
              0.1111111111111111,
              "#46039f"
             ],
             [
              0.2222222222222222,
              "#7201a8"
             ],
             [
              0.3333333333333333,
              "#9c179e"
             ],
             [
              0.4444444444444444,
              "#bd3786"
             ],
             [
              0.5555555555555556,
              "#d8576b"
             ],
             [
              0.6666666666666666,
              "#ed7953"
             ],
             [
              0.7777777777777778,
              "#fb9f3a"
             ],
             [
              0.8888888888888888,
              "#fdca26"
             ],
             [
              1,
              "#f0f921"
             ]
            ],
            "type": "histogram2d"
           }
          ],
          "histogram2dcontour": [
           {
            "colorbar": {
             "outlinewidth": 0,
             "ticks": ""
            },
            "colorscale": [
             [
              0,
              "#0d0887"
             ],
             [
              0.1111111111111111,
              "#46039f"
             ],
             [
              0.2222222222222222,
              "#7201a8"
             ],
             [
              0.3333333333333333,
              "#9c179e"
             ],
             [
              0.4444444444444444,
              "#bd3786"
             ],
             [
              0.5555555555555556,
              "#d8576b"
             ],
             [
              0.6666666666666666,
              "#ed7953"
             ],
             [
              0.7777777777777778,
              "#fb9f3a"
             ],
             [
              0.8888888888888888,
              "#fdca26"
             ],
             [
              1,
              "#f0f921"
             ]
            ],
            "type": "histogram2dcontour"
           }
          ],
          "mesh3d": [
           {
            "colorbar": {
             "outlinewidth": 0,
             "ticks": ""
            },
            "type": "mesh3d"
           }
          ],
          "parcoords": [
           {
            "line": {
             "colorbar": {
              "outlinewidth": 0,
              "ticks": ""
             }
            },
            "type": "parcoords"
           }
          ],
          "pie": [
           {
            "automargin": true,
            "type": "pie"
           }
          ],
          "scatter": [
           {
            "fillpattern": {
             "fillmode": "overlay",
             "size": 10,
             "solidity": 0.2
            },
            "type": "scatter"
           }
          ],
          "scatter3d": [
           {
            "line": {
             "colorbar": {
              "outlinewidth": 0,
              "ticks": ""
             }
            },
            "marker": {
             "colorbar": {
              "outlinewidth": 0,
              "ticks": ""
             }
            },
            "type": "scatter3d"
           }
          ],
          "scattercarpet": [
           {
            "marker": {
             "colorbar": {
              "outlinewidth": 0,
              "ticks": ""
             }
            },
            "type": "scattercarpet"
           }
          ],
          "scattergeo": [
           {
            "marker": {
             "colorbar": {
              "outlinewidth": 0,
              "ticks": ""
             }
            },
            "type": "scattergeo"
           }
          ],
          "scattergl": [
           {
            "marker": {
             "colorbar": {
              "outlinewidth": 0,
              "ticks": ""
             }
            },
            "type": "scattergl"
           }
          ],
          "scattermapbox": [
           {
            "marker": {
             "colorbar": {
              "outlinewidth": 0,
              "ticks": ""
             }
            },
            "type": "scattermapbox"
           }
          ],
          "scatterpolar": [
           {
            "marker": {
             "colorbar": {
              "outlinewidth": 0,
              "ticks": ""
             }
            },
            "type": "scatterpolar"
           }
          ],
          "scatterpolargl": [
           {
            "marker": {
             "colorbar": {
              "outlinewidth": 0,
              "ticks": ""
             }
            },
            "type": "scatterpolargl"
           }
          ],
          "scatterternary": [
           {
            "marker": {
             "colorbar": {
              "outlinewidth": 0,
              "ticks": ""
             }
            },
            "type": "scatterternary"
           }
          ],
          "surface": [
           {
            "colorbar": {
             "outlinewidth": 0,
             "ticks": ""
            },
            "colorscale": [
             [
              0,
              "#0d0887"
             ],
             [
              0.1111111111111111,
              "#46039f"
             ],
             [
              0.2222222222222222,
              "#7201a8"
             ],
             [
              0.3333333333333333,
              "#9c179e"
             ],
             [
              0.4444444444444444,
              "#bd3786"
             ],
             [
              0.5555555555555556,
              "#d8576b"
             ],
             [
              0.6666666666666666,
              "#ed7953"
